max[0]=0.923333
max[1]=0.916667
max[2]=0.9
max[3]=0.9
max[4]=0.893333
max[5]=0.906667
max[6]=0.905
max[7]=0.906667
max[8]=0.915
max[9]=0.903333
acc_averg=0.907
std=0.0089856
std_em=0.0028415
